7.239
7.238538058
7.237052348
7.234643189
7.231311092
7.226956884
7.221681446
7.21538614
7.208172179
7.199941497
7.190795602
7.180736434
7.169666845
7.157688686
7.144804499
7.130918137
7.116131704
7.100349778
7.083674588
7.066109674
7.047560755
7.028130153
7.007724404
6.986543217
6.964299012
6.941288589
6.917322824
6.892503942
6.866741107
6.840136432
6.812695571
6.784424352
6.755233853
6.725225812
6.694406604
6.66268884
6.630173868
6.596868599
6.562780113
6.527823163
6.492098416
6.455613472
6.418376088
6.380303287
6.341585358
6.30204918
6.261794063
6.220828574
6.179072731
6.136713265
6.093582277
6.049777653
6.005308723
5.960271243
5.914501754
5.868011538
5.820981515
5.773335937
5.725084961
5.676238873
5.626725555
5.576721184
5.526153333
5.475032791
5.423370467
5.371177389
5.3184647
5.265243658
5.211525633
5.157322102
5.102721137
5.04758081
4.992065222
4.936109759
4.879726389
4.823000348
4.765796771
4.708273545
4.650369818
4.592168377
4.533609899
4.47470693
4.415472098
4.355985593
4.296191225
4.236101822
4.175795527
4.115283024
4.054447591
3.993493426
3.932242498
3.870894442
3.809275981
3.747582101
3.685703326
3.623652974
3.561501762
3.499260628
3.436884816
3.374442643
3.311891044
3.249349891
3.186722941
3.124075197
3.061367006
2.998661677
2.935970175
2.873303449
2.810672434
2.74808805
2.685515837
2.623058287
2.560636442
2.498306505
2.436121058
2.37400646
2.312016139
2.250160824
2.188489301
2.126935117
2.065584144
2.004373556
1.943385425
1.882593998
1.822009717
1.761674506
1.701534697
1.641662689
1.582037184
1.522696072
1.463619841
1.404818547
1.34630219
1.288104555
1.2302326
1.172671306
1.115430404
1.058539504
1.001986296
0.945798281
0.889964957
0.834511703
0.779444851
0.724756612
0.67046916
0.61658857
0.563109775
0.510051717
0.457420211
0.405212907
0.353452576
0.302129613
0.251257539
0.200841709
0.150887387
0.101399739
0.05238384
0.003844586
-0.044211981
-0.091782155
-0.138858328
-0.185440749
-0.231523005
-0.2771007
-0.322169537
-0.366733232
-0.410772857
-0.454301235
-0.49730655
-0.539785003
-0.581745776
-0.623174367
-0.664067273
-0.704436945
-0.744266201
-0.783551836
-0.822309555
-0.86051951
-0.898199564
-0.935328097
-0.971925121
-1.007967252
-1.04347664
-1.078428146
-1.112846048
-1.146731017
-1.180055289
-1.21284631
-1.24510501
-1.276832404
-1.307997259
-1.33863119
-1.368735464
-1.398311427
-1.427324416
-1.455847174
-1.483808181
-1.51124519
-1.538159938
-1.56455424
-1.59042998
-1.615789116
-1.640677101
-1.665010082
-1.688832748
-1.712147332
-1.735003128
-1.757309398
-1.779163429
-1.800520708
-1.821383776
-1.841755238
-1.861689956
-1.881140152
-1.90010859
-1.918598089
-1.936667095
-1.954264623
-1.97139364
-1.9881152
-2.004375955
-2.020238661
-2.035648407
-2.050669619
-2.065245843
-2.079380326
-2.093139951
-2.106530354
-2.119492053
-2.13202842
-2.144276119
-2.156108314
-2.167528445
-2.178608825
-2.189355126
-2.199773016
-2.209797166
-2.219502794
-2.228823171
-2.237907988
-2.246617433
-2.255029493
-2.26307468
-2.270908056
-2.278384366
-2.285584223
-2.292513134
-2.299176576
-2.305579993
-2.311728797
-2.317548251
-2.323203327
-2.32853852
-2.333721102
-2.33859314
-2.343324135
-2.347753787
-2.352053753
-2.356061424
-2.359950541
-2.363556248
-2.367054299
-2.370364354
-2.373403994
-2.376351847
-2.379125872
-2.381819299
-2.384259878
-2.386540247
-2.3887548
-2.39081878
-2.392736445
-2.394511992
-2.396149545
-2.397745204
-2.399211684
-2.400552872
-2.401772582
-2.402874552
-2.40395633
-2.404928302
-2.405793952
-2.406651556
-2.407410192
-2.408073076
-2.408739124
-2.409220115
-2.409710841
-2.410214982
-2.410639222
-2.41098622
-2.411258551
-2.411556257
-2.411784612
-2.412043875
-2.412238653
-2.412371022
-2.412442964
-2.412555072
-2.412709615
-2.412710713
-2.412856924
-2.412852715
-2.412897837
-2.412894403
-2.412943151
-2.412945734
-2.413002833
-2.413015679
-2.41298499
-2.413011301
-2.412995299
-2.41303736
-2.413037847
-2.41299694
-2.413014717
-2.412991145
-2.413026044
-2.413019154
-2.412970115
-2.412978303
-2.412943208
-2.41296385
-2.412939596
-2.412969067
-2.41295155
-2.412885929
-2.412870174
-2.412803537
-2.412684594
-2.412610574
-2.412480792
-2.412391929
-2.412243384
-2.41203321
-2.41185721
-2.411614999
-2.411401737
-2.411117225
-2.410759016
-2.410324574
-2.409907695
-2.409408712
-2.408920673
-2.408248643
-2.407581065
-2.406913942
-2.406148483
-2.405281399
-2.40430932
-2.403228797
-2.402129594
-2.40091409
-2.399578579
-2.398211449
-2.396715892
-2.395087957
-2.393323618
-2.391418783
-2.389459402
-2.38726058
-2.384997793
-2.382576539
-2.379992367
-2.377328597
-2.374404504
-2.371303762
-2.36810804
-2.364725209
-2.36115044
-2.357294038
-2.35332122
-2.349141662
-2.344750326
-2.340142127
-2.335311931
-2.330254561
-2.324964797
-2.319437374
-2.313587284
-2.307569203
-2.301297445
-2.294688738
-2.287816753
-2.280752618
-2.273337023
-2.265641676
-2.257586407
-2.24931556
-2.240674976
-2.231733683
-2.222486063
-2.212926479
-2.202978781
-2.192709222
-2.18211214
-2.171113521
-2.159777487
-2.148098364
-2.136004353
-2.123557395
-2.110687216
-2.097454282
-2.083789877
-2.069752973
-2.055337942
-2.040478454
-2.025171284
-2.009472363
-1.993376129
-1.97676207
-1.95979956
-1.942313132
-1.924412299
-1.906037465
-1.887239071
-1.867906799
-1.84814366
-1.827944365
-1.807203858
-1.786020172
-1.764339982
-1.742160784
-1.719480136
-1.69629566
-1.672649652
-1.648449752
-1.623782092
-1.598599939
-1.572860244
-1.546643925
-1.519868005
-1.492609889
-1.464790417
-1.43644707
-1.407613694
-1.378216921
-1.348291683
-1.317803977
-1.286818714
-1.255270374
-1.223190462
-1.190577934
-1.157403964
-1.123697465
-1.089457651
-1.054658848
-1.019327355
-0.983462648
-0.947042237
-0.910068705
-0.872584937
-0.834530474
-0.795947412
-0.75683578
-0.717179528
-0.676981829
-0.636260147
-0.595001685
-0.553209914
-0.510899621
-0.468061275
-0.424698645
-0.380815601
-0.336423344
-0.291516715
-0.246094644
-0.200172868
-0.153752754
-0.106831289
-0.059417269
-0.011515352
0.036870467
0.085734817
0.135072511
0.184878505
0.235147663
0.285874752
0.337054446
0.388681326
0.440741129
0.493244756
0.546168015
0.599502139
0.65326373
0.707422367
0.761983736
0.816926004
0.872273356
0.927969439
0.984057912
1.040476355
1.09727417
1.154404482
1.21185765
1.269647503
1.327742671
1.386158785
1.44486239
1.503843509
1.563120473
1.622656736
1.682442139
1.742497699
1.802783819
1.863290172
1.924006382
1.984922029
2.046062583
2.107383457
2.168874085
2.230523865
2.292322152
2.354258268
2.416321498
2.478501096
2.540786283
2.603166254
2.665630174
2.728167185
2.790719553
2.853369196
2.916010618
2.978729224
3.041415979
3.104108537
3.166743869
3.229414276
3.292003806
3.35455355
3.416997096
3.479377244
3.541683034
3.603845598
3.665910269
3.727866117
3.789641891
3.851285423
3.91272392
3.974006865
4.035059959
4.09593432
4.156554175
4.216972265
4.277111375
4.336958598
4.396569083
4.455863534
4.514829234
4.573523704
4.631865645
4.689914124
4.747514283
4.804797609
4.861680269
4.918224393
4.974269957
5.029954234
5.08519101
5.139968474
5.194274915
5.248176913
5.301507222
5.354411425
5.406800034
5.458581248
5.509904633
5.560679215
5.610894158
5.660538747
5.709602391
5.757990607
5.805860556
5.853118561
5.899754544
5.945758567
5.991034201
6.035744529
6.079706299
6.122996775
6.165695293
6.207616137
6.248838467
6.289263602
6.329062296
6.368045849
6.406295877
6.443804243
6.480562969
6.516564235
6.551707635
6.586077679
6.619667062
6.652468642
6.684381274
6.715491656
6.745793176
6.775184259
6.803753163
6.831493822
6.858400341
6.884370708
6.909495145
6.933768313
6.957087998
6.979545806
7.001136968
7.021759161
7.0415053
7.060273055
7.078156181
7.095150883
7.111154881
7.126263109
7.140472359
7.153680498
7.165983555
7.177378918
7.187764695
7.197138359
7.205696941
7.213139686
7.219763955
7.225368825
7.230052839
7.233715054
7.236454556
7.238170768