0
0.072387794
0.144760349
0.217104431
0.28940681
0.361649269
0.433821598
0.505903609
0.577887126
0.649750008
0.721486119
0.793082357
0.864513676
0.935777022
1.006859389
1.077732868
1.148397497
1.218823479
1.289012929
1.358953065
1.428611291
1.49799284
1.567063277
1.63585272
1.704280291
1.772401964
1.840156882
1.907556543
1.974561109
2.041184173
2.107413698
2.173237726
2.238612929
2.30355708
2.368058493
2.432071279
2.495616351
2.558682312
2.621257865
2.683293796
2.744815186
2.80581106
2.866270553
2.926141223
2.985494899
3.04423678
3.102398161
3.159968768
3.216892271
3.273250115
3.32893917
3.383995858
3.438410554
3.492224321
3.545327558
3.597708465
3.649461654
3.700526774
3.750895033
3.800557784
3.849450062
3.897675625
3.945170637
3.991927051
4.037936977
4.08319268
4.127686583
4.171411269
4.214359485
4.256524138
4.297962722
4.338540397
4.37838016
4.417411149
4.455627091
4.493090051
4.529658502
4.565463735
4.600431993
4.634628891
4.667979555
4.700478904
4.732122039
4.762978035
4.792969906
4.82209328
4.850419755
4.877947276
4.904519782
4.930364824
4.955247698
4.979400086
5.002583866
5.025034761
5.046592081
5.067253229
5.08709772
5.106125054
5.124251826
5.141559768
5.157964696
5.173634472
5.188400535
5.202347456
5.215389564
5.227612811
5.239018085
5.249606418
5.25937899
5.268337126
5.276393175
5.283726547
5.290160329
5.295785575
5.300695226
5.304710192
5.307923279
5.310336997
5.312046462
5.312869926
5.312995606
5.312240534
5.31079468
5.308568177
5.305564502
5.30188217
5.297335452
5.292118331
5.286139914
5.279500427
5.272108612
5.263968853
5.255085675
5.245560849
5.235399865
5.224510719
5.212898409
5.200666054
5.187721313
5.174167916
5.159913331
5.145061857
5.129619672
5.113494012
5.096789931
5.079513833
5.061572801
5.043072544
5.024019685
5.004321232
4.9841832
4.963412985
4.942117147
4.92030263
4.897976428
4.875145591
4.851817221
4.827898469
4.803596542
4.778818696
4.753472269
4.727764555
4.701602959
4.674994914
4.647947891
4.620569093
4.592666618
4.564447326
4.535819132
4.506789672
4.477465786
4.447755743
4.417667252
4.387306787
4.356583055
4.325503824
4.294175105
4.26250612
4.230602505
4.198373857
4.165925395
4.133167128
4.100203813
4.066945904
4.033497653
3.99986612
3.965962475
3.93189012
3.897656014
3.86326707
3.828635525
3.793863486
3.758957753
3.723925079
3.688678903
3.653412767
3.617947131
3.582381832
3.546723391
3.510978278
3.475152906
3.439253632
3.403376836
3.367348167
3.331264318
3.29513142
3.25904381
3.222830482
3.186673435
3.150490259
3.114286753
3.078068655
3.041926933
3.005780853
2.969635937
2.933497642
2.897454499
2.86142758
2.82542212
2.789524727
2.753657902
2.717906916
2.682195258
2.646606832
2.611066146
2.575577896
2.540223887
2.50500676
2.469853153
2.434767444
2.399903084
2.365112492
2.330399794
2.295841586
2.261439783
2.227196184
2.193042037
2.159050789
2.125154919
2.091494549
2.057933672
2.024542476
1.991255973
1.958207998
1.925268057
1.892502977
1.859913423
1.827499952
1.795263019
1.763202974
1.731260218
1.699555398
1.667969679
1.636620292
1.605391443
1.574396903
1.54352397
1.512882912
1.482364169
1.452074466
1.421907434
1.391966216
1.362197504
1.332551347
1.303125451
1.273868822
1.244826525
1.215903695
1.187146115
1.158595923
1.130206093
1.101974951
1.073900745
1.045981649
1.018254849
0.990677437
0.963247355
0.935962476
0.908820603
0.881853912
0.855023754
0.828327727
0.801794972
0.775389456
0.749108584
0.722978453
0.696937902
0.6710407
0.645281139
0.619628552
0.594080009
0.568632536
0.543305089
0.518070674
0.492946199
0.467906529
0.442948466
0.418068778
0.393280286
0.368576726
0.343923572
0.319359788
0.294839644
0.270384966
0.245979184
0.221627975
0.197316709
0.173049032
0.148812267
0.124602874
0.100421458
0.076258297
0.052111979
0.027974765
0.003843071
-0.020287529
-0.044421781
-0.068566111
-0.09272326
-0.116896801
-0.141096142
-0.165320999
-0.189582752
-0.213879094
-0.238223365
-0.262611231
-0.287046167
-0.311544436
-0.336098649
-0.360712212
-0.38540428
-0.410164402
-0.435013642
-0.459939505
-0.484945238
-0.510054741
-0.535252451
-0.56056414
-0.585972197
-0.61147966
-0.637089521
-0.662831247
-0.688683141
-0.714676488
-0.740758148
-0.766988694
-0.793373662
-0.819886259
-0.846529031
-0.873304469
-0.900214997
-0.927298993
-0.954524605
-0.981894053
-1.009448288
-1.037152439
-1.065008506
-1.093018421
-1.121184037
-1.149550489
-1.178033672
-1.206722809
-1.235576079
-1.264594933
-1.293828544
-1.323183468
-1.352707828
-1.382453154
-1.41237178
-1.44246463
-1.472679554
-1.503122415
-1.533741733
-1.564538062
-1.595511867
-1.626663513
-1.657993272
-1.689501315
-1.721187718
-1.752992062
-1.785034211
-1.817254346
-1.849589383
-1.882100091
-1.914850254
-1.94771141
-1.980746363
-2.013887709
-2.047266901
-2.080749022
-2.114399503
-2.148217098
-2.182200451
-2.216277171
-2.250515203
-2.284912878
-2.319395412
-2.354032561
-2.388822342
-2.423687637
-2.458699947
-2.493780641
-2.529002351
-2.564284966
-2.59970222
-2.6352514
-2.670850219
-2.706493924
-2.74225836
-2.778140403
-2.813973157
-2.849997039
-2.885961432
-2.922026479
-2.958104491
-2.994274712
-3.030363053
-3.066533739
-3.102782757
-3.138932656
-3.175150539
-3.211344459
-3.247508567
-3.283636951
-3.319723638
-3.355852098
-3.391837681
-3.42785366
-3.463804303
-3.499592104
-3.535392733
-3.571016977
-3.606642013
-3.642076934
-3.677407214
-3.712719764
-3.747821282
-3.782798217
-3.817549298
-3.852256462
-3.886723511
-3.921038109
-3.95519335
-3.989086239
-4.022805271
-4.056343432
-4.089596835
-4.122654725
-4.155509994
-4.188057956
-4.220290777
-4.252396563
-4.284074235
-4.315512091
-4.34670289
-4.377540672
-4.40801766
-4.438225094
-4.46805654
-4.49750428
-4.526659998
-4.555416886
-4.583767296
-4.611703616
-4.639318008
-4.666503334
-4.693152201
-4.719456803
-4.745409835
-4.770804028
-4.795731936
-4.820186245
-4.844259688
-4.867745042
-4.890735137
-4.913222856
-4.935201132
-4.956662954
-4.97760136
-4.998009447
-5.017780751
-5.037107806
-5.05578476
-5.073805278
-5.091361518
-5.108248486
-5.124559064
-5.140188128
-5.155327066
-5.169673879
-5.183518229
-5.196559347
-5.209086
-5.220896407
-5.231985406
-5.242445156
-5.252173089
-5.26126111
-5.269607337
-5.277207215
-5.284152216
-5.290341584
-5.295771144
-5.300531853
-5.304524178
-5.307744326
-5.310188645
-5.311853622
-5.312829203
-5.313018112
-5.312417229
-5.311023578
-5.308834327
-5.305846784
-5.302058403
-5.297466779
-5.292069654
-5.285864912
-5.278850582
-5.271024839
-5.262297657
-5.252844665
-5.242488272
-5.231402509
-5.219412003
-5.206603219
-5.192890001
-5.178442994
-5.1630915
-5.146920578
-5.129846834
-5.111954586
-5.093243981
-5.073633786
-5.053207131
-5.031964624
-5.009827265
-4.986876919
-4.963036121
-4.938385857
-4.91285023
-4.886509312
-4.859288799
-4.831267821
-4.802373694
-4.77261056
-4.742056079
-4.710640064
-4.678367188
-4.645313567
-4.611411568
-4.576736229
-4.541152521
-4.504804949
-4.467629378
-4.429698615
-4.390884125
-4.351325225
-4.310961372
-4.269799117
-4.22784518
-4.185168796
-4.141651533
-4.097424506
-4.052432726
-4.00662454
-3.960126777
-3.9128873
-3.864914098
-3.816215315
-3.766799248
-3.716620112
-3.665795806
-3.614280001
-3.562081583
-3.509209579
-3.455623192
-3.401432525
-3.346547972
-3.291029087
-3.234932055
-3.17817292
-3.120809006
-3.062806638
-3.004264513
-2.945106326
-2.885386343
-2.825115164
-2.764303503
-2.702962186
-2.64106476
-2.578661516
-2.51576361
-2.452382306
-2.388495315
-2.324149631
-2.259356818
-2.194097723
-2.128416806
-2.06232591
-1.995836962
-1.928934991
-1.861660993
-1.794027142
-1.726021607
-1.65768273
-1.589022905
-1.520033438
-1.450749966
-1.381165884
-1.311315003
-1.241210036
-1.170847497
-1.100258422
-1.029455674
-0.958438881
-0.887236256
-0.815860791
-0.744315211
-0.672615563
-0.600794545
-0.528840353
-0.45679106
-0.384646209
-0.312426299
-0.240141216
-0.167809492
-0.095443036