0.0
0.0000012337
0.000019739
0.000099928
0.00031581
0.00077096
0.0015984
0.0029607
0.005049
0.0080834
0.012312
0.018008
0.025473
0.035029
0.047021
0.061809
0.079768
0.10128
0.12674
0.15651
0.19098
0.23049
0.27535
0.32583
0.38214
0.44443
0.51275
0.58705
0.66718
0.75283
0.84357
0.93878
1.0377
1.1393
1.2426
1.3461
1.4484
1.5477
1.6423
1.73
1.809
1.8771
1.9321
1.972
1.995
2
2
2
2
2
2
2
2
2
2
2
2
2
2
2
2
2
2
2
2
2
2
2
2
2
2
2
2
2
2
2
2
2
2
2
2
2
2
2
2
2
2
2
2
2
2
2
2
2
2
2
2
2
2
2
2
2
2
2
2
2
2
2
2
2
2
2
2
2
2
2
2
2
2
2
2
2
2
2
2
2
2
2
2
2
2
2
2
2
2
2
2
2
2
2
2
2
2
2
2
2
2
2
2
2
2
2
2
2
2
2
2
2
2
2
2
2
2
2
2
2
2
2
2
2
2
2
2
2
2
2
2
2
2
2
2
2
2
2
2
2
2
2
2
2
2
2
2
2
2
2
2
2
2
2
2
1.9942
1.9704
1.9296
1.8739
1.8052
1.7258
1.6376
1.5427
1.4432
1.3409
1.2373
1.1341
1.0326
0.93382
0.83882
0.74833
0.66296
0.58312
0.50912
0.44111
0.37912
0.32311
0.27292
0.22835
0.18911
0.15488
0.12534
0.10009
0.078769
0.060981
0.046344
0.034486
0.025044
0.017677
0.012063
0.0079019
0.0049215
0.0028753
0.0015448
0.00073997
0.0003
0.000093301
0.000017801
0.0000010005
0.0