7.239
7.2389
7.2385
7.2379
7.2371
7.236
7.2347
7.2331
7.2313
7.2292
7.2269
7.2244
7.2216
7.2186
7.2154
7.2119
7.2082
7.2042
7.2
7.1956
7.1909
7.186
7.1808
7.1755
7.1698
7.164
7.1579
7.1516
7.145
7.1382
7.1312
7.124
7.1165
7.1088
7.1009
7.0927
7.0843
7.0757
7.0669
7.0578
7.0485
7.039
7.0293
7.0193
7.0092
6.9988
6.9882
6.9774
6.9663
6.9551
6.9436
6.9319
6.92
6.908
6.8957
6.8831
6.8704
6.8575
6.8444
6.8311
6.8175
6.8038
6.7899
6.7758
6.7615
6.747
6.7323
6.7174
6.7023
6.687
6.6716
6.6559
6.6401
6.6241
6.6079
6.5916
6.575
6.5583
6.5414
6.5244
6.5072
6.4898
6.4722
6.4545
6.4366
6.4185
6.4003
6.382
6.3634
6.3448
6.3259
6.307
6.2878
6.2686
6.2492
6.2296
6.2099
6.1901
6.1701
6.15
6.1297
6.1094
6.0889
6.0683
6.0475
6.0266
6.0056
5.9845
5.9633
5.942
5.9205
5.899
5.8773
5.8555
5.8337
5.8117
5.7896
5.7674
5.7452
5.7228
5.7004
5.6778
5.6552
5.6325
5.6097
5.5869
5.5639
5.5409
5.5178
5.4947
5.4715
5.4482
5.4248
5.4014
5.378
5.3545
5.3309
5.3073
5.2836
5.2599
5.2361
5.2123
5.1885
5.1646
5.1407
5.1168
5.0928
5.0688
5.0448
5.0207
4.9967
4.9726
4.9485
4.9244
4.9003
4.8762
4.8521
4.8279
4.8038
4.7797
4.7555
4.7314
4.7073
4.6832
4.6591
4.6351
4.611
4.587
4.563
4.539
4.5151
4.4912
4.4673
4.4435
4.4197
4.3959
4.3722
4.3485
4.3249
4.3013
4.2778
4.2543
4.2309
4.2075
4.1842
4.161
4.1378
4.1147
4.0917
4.0688
4.0459
4.0231
4.0004
3.9778
3.9552
3.9328
3.9104
3.8881
3.8659
3.8438
3.8218
3.7999
3.7782
3.7565
3.7349
3.7134
3.6921
3.6708
3.6497
3.6287
3.6078
3.587
3.5664
3.5459
3.5255
3.5052
3.4851
3.4651
3.4452
3.4255
3.4059
3.3865
3.3672
3.3481
3.3291
3.3102
3.2915
3.273
3.2546
3.2363
3.2183
3.2004
3.1826
3.165
3.1476
3.1304
3.1133
3.0964
3.0796
3.0631
3.0467
3.0305
3.0144
2.9986
2.9829
2.9674
2.9521
2.937
2.9221
2.9074
2.8928
2.8785
2.8643
2.8504
2.8366
2.8231
2.8097
2.7966
2.7836
2.7709
2.7583
2.746
2.7339
2.7219
2.7102
2.6987
2.6875
2.6764
2.6655
2.6549
2.6445
2.6343
2.6243
2.6145
2.605
2.5957
2.5866
2.5777
2.569
2.5606
2.5524
2.5444
2.5367
2.5292
2.5219
2.5149
2.508
2.5014
2.4951
2.489
2.4831
2.4774
2.472
2.4668
2.4619
2.4572
2.4527
2.4484
2.4444
2.4407
2.4371
2.4339
2.4308
2.428
2.4254
2.4231
2.421
2.4192
2.4176
2.4162
2.4151
2.4142
2.4136
2.4132
2.413
2.4131
2.4134
2.414
2.4148
2.4158
2.4171
2.4186
2.4204
2.4224
2.4247
2.4272
2.4299
2.4329
2.4361
2.4395
2.4432
2.4471
2.4513
2.4557
2.4603
2.4652
2.4703
2.4757
2.4813
2.4871
2.4931
2.4994
2.5059
2.5127
2.5196
2.5268
2.5343
2.542
2.5499
2.558
2.5663
2.5749
2.5837
2.5927
2.602
2.6115
2.6212
2.6311
2.6412
2.6516
2.6621
2.6729
2.6839
2.6951
2.7066
2.7182
2.73
2.7421
2.7544
2.7669
2.7795
2.7924
2.8055
2.8188
2.8323
2.846
2.8599
2.874
2.8883
2.9027
2.9174
2.9323
2.9473
2.9625
2.978
2.9936
3.0094
3.0253
3.0415
3.0578
3.0743
3.091
3.1079
3.1249
3.1421
3.1595
3.177
3.1947
3.2126
3.2306
3.2488
3.2671
3.2856
3.3042
3.323
3.342
3.3611
3.3803
3.3997
3.4193
3.4389
3.4588
3.4787
3.4988
3.519
3.5394
3.5598
3.5804
3.6012
3.622
3.643
3.6641
3.6853
3.7066
3.728
3.7496
3.7712
3.793
3.8149
3.8368
3.8589
3.881
3.9033
3.9256
3.948
3.9706
3.9932
4.0159
4.0386
4.0615
4.0844
4.1074
4.1305
4.1536
4.1768
4.2001
4.2234
4.2468
4.2703
4.2938
4.3173
4.341
4.3646
4.3883
4.4121
4.4359
4.4597
4.4836
4.5075
4.5314
4.5554
4.5794
4.6034
4.6274
4.6515
4.6756
4.6996
4.7237
4.7479
4.772
4.7961
4.8202
4.8444
4.8685
4.8926
4.9167
4.9408
4.9649
4.989
5.0131
5.0371
5.0612
5.0852
5.1091
5.1331
5.157
5.1809
5.2047
5.2286
5.2523
5.2761
5.2997
5.3234
5.347
5.3705
5.394
5.4174
5.4408
5.4641
5.4873
5.5105
5.5336
5.5566
5.5796
5.6025
5.6253
5.648
5.6706
5.6932
5.7157
5.7381
5.7604
5.7826
5.8047
5.8267
5.8486
5.8704
5.8921
5.9137
5.9352
5.9565
5.9778
5.9989
6.02
6.0409
6.0617
6.0823
6.1029
6.1233
6.1436
6.1637
6.1837
6.2036
6.2233
6.2429
6.2624
6.2817
6.3009
6.3199
6.3388
6.3575
6.3761
6.3945
6.4128
6.4309
6.4488
6.4666
6.4842
6.5016
6.5189
6.536
6.553
6.5697
6.5863
6.6027
6.619
6.635
6.6509
6.6666
6.6821
6.6974
6.7126
6.7275
6.7423
6.7569
6.7712
6.7854
6.7994
6.8132
6.8268
6.8402
6.8533
6.8663
6.8791
6.8917
6.9041
6.9162
6.9282
6.9399
6.9514
6.9628
6.9739
6.9848
6.9954
7.0059
7.0161
7.0261
7.0359
7.0455
7.0549
7.064
7.0729
7.0816
7.0901
7.0983
7.1063
7.1141
7.1216
7.1289
7.136
7.1429
7.1495
7.1559
7.1621
7.168
7.1737
7.1792
7.1844
7.1894
7.1941
7.1986
7.2029
7.2069
7.2107
7.2143
7.2176
7.2207
7.2236
7.2262
7.2285
7.2307
7.2325
7.2342
7.2356
7.2368
7.2377
7.2384
7.2388